permeability=0.0
sigma=1.4668692707363256
k_active=8.6
k_conf=3.2
eta=0.384615385
landa=0.07
IFR=0.01
mu=0.142857143
xi=0.142857143
simulation_time=200
quarentine_step_time=50
p_active=0.20