permeability=0.05
sigma=2.3
k_active=8.6
k_conf=3.2
eta=0.384615385
landa=0.07
IFR=0.01
mu=0.142857143
xi=0.142857143
simulation_time=200
quarentine_step_time=30
p_active=0.95