s=0.9999999
sh=0.
e=0.0000001
i=0.
pd=0.
d=0.
r=0.