s=0.99999995
sh=0.
e=0.00000005
i=0.
pd=0.
d=0.
r=0.